23
12 4 8 9 3 2 19 7 7 11 16 16 17 9 13 5 6 9 17 11 10 6 16
14 14 6 3 8 17 10 13 16 13 7 14 3 15 9 6 11 19 19 3 18 11 3 14 6
19 19 14 11 6 15 9 18 7 9 13 13 6 8 4 8 2 4 10 8 9 15 5 17 17 16 11 16 6 4
5 18 5 2 13 2 16 13 19 11 6 14 2 12 6 18 16 4 2 16 5 4 3 3 3 17 14
6 4 13 11 11 15 13 6 18 9 16 18 13 8 16 2 19 16 5 17 13 8 12 9 4 5 9 14 15 2 4 19 10 16
6 6 4 5 15 2 16 12 13 15 5 8 6 11 13 10 19 8 14 10 5 10 17 18 19 11 15 19 14 4 16
5 8 6 13 19 8 10 19 7 8 3 14 9 4 13 7 13 9 12 12 13 3 2 14
9 18 6 4 6 18 9 12 14 4 18 17 2 17 15 13 13 14 6 10
6 3 19 17 14 19 17 8 7 7 2 3 7 17 15 12 4 14 18 10 6 2 2 13 4 5 12 5 10 13 2 14 13 4 12
11 15 5 14 7 7 16 8 19 6 16 14 9 12 12 14 5 14 13 5 11 19
10 14 10 17 15 16 5 3 4 5 5 11 10 13 3 15 13 12 3 5 17 8 19 17 12 4
13 3 2 5 14 13 7 14 11 12 4 2 17 11 8 7 9 5 17 18 10
19 14 4 19 12 11 7 2 2 11 9 3 2 19 3 13 12 11 10 3 16 4 12 17 9 4 5 7 19 19 5 19 18
19 4 16 2 2 4 6 6 9 7 17 3 10 2 18 2 9 2 12 3
16 5 8 3 14 19 3 10 15 19 13 6 14 2 11 19 19 18 17 5 8 14 6 19
11 17 6 2 14 15 3 5 14 16 8 2 2 9 6 5 9 4 15 3 18 13 11
11 11 7 5 2 9 18 10 14 16 5 6 14 17 12 3 15 10 7 12
16 5 12 10 3 10 14 7 15 13 2 10 11 18 4 2 7 9 3 16 10 5
13 19 3 11 9 5 10 16 9 7 6 17 17 10 17 4 9 3 11 8 5 7 7 19 2 9 12 7 14 3
13 2 16 10 16 10 6 13 3 18 4 2 16 8 2 16 12 5 19 10 4
8 17 15 14 5 6 18 8 5 12 11 10 13 17 3 6 8 5 4 12 8 3 13 11 8 2 9 15 9 3 16 5 16 12 9
9 13 8 6 6 18 19 16 12 9 10 5 2 5 5 10 2 6 19 10 17
12 19 17 10 17 3 18 5 6 16 8 17 12 16 19 2 9 16 3 8